
NUMPOLLIES 8

// vertical wall-bottom

-5.0  1.0  -5.0 0.0 1.0
-5.0  0.0  -5.0 0.0 0.0
 5.0  0.0  -5.0 10.0 0.0
-5.0  1.0  -5.0 0.0 1.0
 5.0  0.0  -5.0 10.0 0.0
 5.0  1.0  -5.0 10.0 1.0


// vertical wall-up

-5.0  1.0   5.0 0.0  1.0
-5.0  0.0   5.0 0.0  0.0
 5.0  0.0   5.0 10.0 0.0
-5.0  1.0   5.0 0.0  1.0
 5.0  1.0   5.0 10.0 1.0
 5.0  0.0   5.0 10.0 0.0


// vertical wall-left

-5.0  1.0  -5.0 0.0  1.0
-5.0  0.0  -5.0 0.0  0.0
-5.0  0.0   5.0 10.0 0.0
-5.0  1.0  -5.0 0.0  1.0
-5.0  1.0   5.0 10.0 1.0
-5.0  0.0   5.0 10.0 0.0


// vertical wall-right

5.0  1.0  -5.0 0.0  1.0
5.0  0.0  -5.0 0.0  0.0
5.0  0.0   5.0 10.0 0.0
5.0  1.0  -5.0 0.0  1.0
5.0  1.0   5.0 10.0 1.0
5.0  0.0   5.0 10.0 0.0



